public/new-wind-global3.json
{"header": { "discipline": 0, "disciplineName": "Meteorological products", "gribEdition": 2, "gribLength": 76936, "center": 7, "centerName": "US National Weather Service - NCEP(WMC)", "subcenter": 0, "refTime": "2016-04-30T06:00:00.000Z", "significanceOfRT": 1, "significanceOfRTName": "Start of forecast", "productStatus": 0, "productStatusName": "Operational products", "productType": 1, "productTypeName": "Forecast products", "productDefinitionTemplate": 0, "productDefinitionTemplateName": "Analysis/forecast at horizontal level/layer at a point in time", "parameterCategory": 2, "parameterCategoryName": "Momentum", "parameterNumber": 3, "parameterNumberName": "V-component_of_wind", "parameterUnit": "m.s-1", "genProcessType": 2, "genProcessTypeName": "Forecast", "forecastTime": 0, "surface1Type": 103, "surface1TypeName": "Specified height level above ground", "surface1Value": 10.0, "surface2Type": 255, "surface2TypeName": "Missing", "surface2Value": 0.0, "gridDefinitionTemplate": 0, "gridDefinitionTemplateName": "Latitude_Longitude", "numberPoints": 65160, "shape": 6, "shapeName": "Earth spherical with radius of 6,371,229.0 m", "gridUnits": "degrees", "resolution": 48, "winds": "true", "scanMode": 0, "nx": 360, "ny": 181, "basicAngle": 0, "subDivisions": 0, "lo1": 0.0, "la1": 90.0, "lo2": 359.0, "la2": -90.0, "dx": 1.0, "dy": 1.0 }, "data":
[rows 19 to 37 of 181, columns 258 to 300 of 360]
-6.680227354806922,-3.5607066226255872,5.582065608529799,5.019001575179839,-3.110560275587479,-12.420108283363007,7.751433801452083,2.700730512062546,-3.2274580069063794,7.229615943080183,7.93671850644297,0.291420275374227,-7.602627282635115,5.795821265246184,-9.631412324517422,7.877669462694282,3.6093830210692723,-6.9673483134657435,2.6753175018630526,-8.640350691260897,-9.272597109330961,0.4673127951036564,2.947474080702195,5.060706813955229,2.0861154008046197,-3.855388438669903,2.5862610075811334,0.519158746486863,-0.6552612770801267,6.419900836096302,11.103565844328067,5.280346951393105,-5.777270982644295,-12.872956908250584,6.43769280201945,4.935834266513171,5.155758638807035,-2.3361031075514918,-13.936756673047906,-9.028301037437512,-4.004248489418948,-1.7748254245989603,-5.7316733843078165
4.868992080405329,3.4535827475995733,7.052099240374008,-0.4551710238133875,-0.3012295807497254,6.015412968162278,-5.7756347856142165,5.660514498985874,6.845028465502319,1.0850650989224833,5.849899606291966,-7.810540038672755,5.458259842986194,4.616962540517481,2.250195732191452,-6.9968782874277995,-7.6949570194475765,6.696512136302669,-10.971745002583939,-6.971566584267224,-0.19716694550757285,-3.871340213107978,-5.043579134416987,-5.756315254359693,-1.229791017658413,-5.016390544678792,-1.0294650770706957,-5.2914928494645785,-3.666171220603864,-5.308104650542364,-0.48602710617648964,-1.5872472240405755,-7.564427468417791,-10.247768001126484,-5.659176414011404,3.4910704462650948,-3.224109367173834,-5.340316571732324,0.07558640913616532,-3.5398359337183853,3.7839522026296635,1.7441965233749075,-8.609412278275176
-7.079123642905778,1.5239391924954755,-6.406313688628948,6.607306629538377,4.879404136984722,9.45575819639658,-2.3065756869432947,6.9791250828038764,4.007238399793575,-5.542475481099535,-7.468853589422654,-9.184774352764435,-2.4461127338077775,4.937882240719418,-4.5036170140220655,5.743484138812325,-0.3048045628238079,1.1945653628247854,-0.2854843146445263,3.1348692358103127,-4.934713450465411,-1.7900541641049408,-2.6850707182438507,-9.96837225383005,-1.804079140433661,-2.5018483611893023,-1.2953471562150125,-7.132542212961525,-2.5766231700707154,2.168625837762666,-9.294153660824646,6.365501687884068,4.027957566329493,-6.829601863303732,-0.11717247709509451,-1.5056922347273614,-1.499875644724188,4.754144027241103,-4.5448763268795265,1.581056788618774,-7.5303851886467905,2.7066713202108117,2.2798733436195198
-4.280481812528324,6.430897307389682,-4.320891879984771,10.33170858700766,-5.966146122379614,2.9750048485955154,-2.82846336462793,8.891709533211362,2.5421542345110573,2.4115822919515324,-7.672993787196257,-9.144071035729695,8.4506095759738,1.6264990800523624,1.4782647806116131,-4.491225059502188,-8.369230468444597,-7.026816988638,-4.409828092190992,3.522517364620966,2.6970080581404816,-13.861675125920309,-8.566438862947734,-4.284979525232577,-11.974058676763352,-8.902777978195003,-13.565816770633608,-6.302097490846545,-7.204020487565954,-10.88807183301283,-4.81541952110374,-4.2738316626137856,2.875797265303538,0.5750444987007439,-9.534892124554405,-5.469202168722026,-0.18863551188389605,-8.092757388056647,-2.0035464120760738,-2.763703584112676,-2.875244706865116,1.3112728013920139,-0.6547230471396768
0.5830216960864343,10.337012545999423,-4.275222398663006,9.356479544437821,11.623561390518473,8.925287807590736,0.323868797081178,10.908466104160066,5.860241320317243,10.01044030650882,-1.17602528620354,5.3868551935706,-5.940347942955124,5.673603523303273,0.5509284741253699,9.543849312867911,-1.1077053169706874,5.914120946459147,7.74569871736025,-8.949078930095027,-10.590148791028135,3.8019107366067915,1.3493679223105763,-8.679109654576084,-8.576187871823429,-10.021151659983794,5.351139974162565,1.4323401013497095,-1.4483370517034948,5.321267884265222,-10.77624398931651,-0.815344866764117,3.7582266295722215,-4.502147465938999,3.071799477828772,5.1500660487818966,3.1459063599339245,-9.677125993360198,-7.319141463145876,-5.475683923215937,-10.364988921331218,0.7961327901273538,-18.552688686970463
2.86056240715589,-5.915007849826475,-5.016331823568134,-4.011810164173822,2.6304596743787174,6.33923487778362,5.659104356173102,15.140541172431803,-4.459190456543892,11.51559851274057,1.0646514032195014,3.9610418875695568,-1.1411933085439327,-5.391182023923246,9.197060983986987,2.0853264927518738,-3.853670328732058,-0.6106283656291525,-9.083337870994919,-10.325590723668013,-3.367854066418377,6.126922798989927,-9.141727600909572,-6.566260335330837,-6.084719772176786,-1.1162414483793919,2.5363091752880575,-3.199686140423253,-8.832278928629771,-8.082472902103433,-5.316710057724603,4.537162717579545,-11.938795095938756,0.05512177100264104,0.11149820497263718,-0.579504231828416,-2.306268823628995,-5.671145450979177,3.868557358985127,0.3619964711305492,-6.847961550907224,-11.581470607635577,-8.640082404790768
1.788476394443391,2.3165106959950985,1.75949608069073,-3.827406434334388,2.9506110250353332,-3.0274535726922185,10.555982137353086,12.171590159706373,4.752006521142055,12.963095575064292,4.860954253484949,-8.446478743505885,1.3427945761205762,3.336405768635964,-3.775797594276286,-4.012975930898625,-8.26660091956949,7.206838977280444,-4.547014296211838,-7.304194387567945,0.8160108750973363,-11.79677241271566,-10.421965716644237,-9.490655666775575,5.247514030816356,-0.7218690686697866,3.6434931006959865,-5.009184980764988,3.531819818242201,-1.7197960941845807,2.703959263567161,-3.442078447117119,-10.731720450513336,-4.573318496342637,-11.188522210166681,-0.5528264073345532,-11.839072402617878,-11.425574990303716,-1.9177830432563878,-2.0613453681823666,-1.092344693831308,-0.6144303840141347,-4.92989180712451
-0.4839274900303385,7.001364679294618,12.500183944894111,-3.2572085942269045,8.427678401155628,11.005215902661565,3.3937373908384236,3.9698113491990528,12.062503478013923,5.106970770925058,3.32219078066598,3.5109643810769953,-7.6684678144243765,-4.521174070255107,-2.9720962750164177,-6.514390197574467,3.7926112292876177,-6.352638354459923,-1.555720214415854,-4.3055830245615025,-6.253866102575411,-0.77492925005697,6.384493710969462,-12.016554053487372,0.24017610426737024,-1.9838418839882972,-6.191630114085881,-14.566847411303595,-6.305188997841828,4.807984965435608,-10.71840073702512,-2.7418749095608685,-10.850961388375726,-2.118531831818114,3.5311533904161383,-8.782168046561413,-6.235570411906012,-3.004730513620486,-7.150892881206601,1.461581719203651,-4.469396554676082,-7.1481935490634045,-2.04226658379754
-0.17684790328582523,10.939853932681398,7.679950346303908,0.39868571210441583,3.5940452580187046,10.241940879928299,13.659298184290662,4.258257759025072,-4.443760000659149,4.578831864205196,0.9418716940399554,9.58256269637918,-6.524814601773144,8.758217089997688,8.026872331900284,-1.0891190704098594,2.585011250654798,-2.4614440094621974,-3.9246795319578904,-0.2630362330284466,-8.869119177069862,2.9588313239253137,1.6184732282788707,-7.125411247267333,-3.4219277569509936,1.7874948852779227,-11.412341537234486,-6.956235099911289,-9.281941740052801,-9.069452026266184,-9.199243102096773,-11.276344017800945,-9.557152923550941,-12.599011755253283,-9.18826144672246,-10.950520268140817,-2.257519031894898,-1.9984493383767816,-0.10718552192696729,-6.144514558832869,-6.47970272019797,-11.426013991446151,-3.503716474394963
10.128162687391548,2.1116344919097694,3.8136326815114163,-1.5747303946765259,3.177034299618855,1.6483598486507787,1.5970099210880089,3.8785078298635463,1.1108809655911358,9.82820948076462,8.983648949221488,9.655540972517311,-10.557204828411594,-5.50564486096287,0.37680264221576687,-2.111337894909258,-11.224348374807683,5.733403455568107,4.390004924077894,-7.585453191319006,6.418158787149231,-1.4941345364104395,-2.925286325729765,-9.107939921541151,-13.300345727579769,0.22673412176489616,8.79026824167838,2.043367123060977,-2.1423246745769626,-8.647696537862121,-10.914598800668657,-7.953763187907787,3.6377940850513983,-15.618589633004822,0.38213911417462754,4.442933324531125,-3.906074423517616,5.223531234699871,-1.9270079588465099,-1.8960566935265026,-15.091246370583757,-9.766523898121577,-8.399693002268544
4.233975766012261,6.038893829247986,-2.5491568213205698,6.288957909618567,-6.277720618323711,1.5985151764222052,6.250088090722172,-4.59766704326492,-2.8003332632062987,-3.160035683499012,0.6719380445348028,0.5377361761475411,1.5212550321597362,-4.037159462847226,-0.2405806760678697,-9.633223578540344,3.5630394371707568,6.3087668532042445,-1.5589097642045617,1.3975368354204873,-7.471523947636865,-3.3434810158987505,-0.999963118206669,-0.6239593096382392,-1.1203802286101339,-11.319569415334747,0.20134860484868922,-11.287497857480187,-5.692510998102565,2.7777111574934628,-10.405563730447378,-9.28040668460913,0.32250361422624607,-17.298083162006346,-13.883534699126333,-7.351557861501322,-4.156462873535784,1.126031170060886,0.6556763334356193,1.4506904196747543,-2.081101012392079,-2.6391289205430652,-14.245609587116796
3.8917548456758038,-1.5309312922762208,-2.385330329529494,4.984523816314594,0.8415146632744968,-3.3033176892299903,-5.128751334063589,-6.330006638469962,-1.2356623124479045,7.407479736591273,1.89184946551496,3.4662380762381466,5.8446259288791085,-2.943432403448192,2.4033664225617266,-0.898703935877645,-7.701029530036525,10.395929413195176,-2.3829032281012474,-2.663837383306211,-4.825033073409675,0.436966590605782,7.592026358927735,-11.733921057025114,-8.846218719611443,-3.0678339366358065,-0.28889901393231865,2.3513676367929404,-12.873066978633446,-7.579104903224101,-8.585588394579585,4.380300015569339,3.3450794436555595,-5.644023475395466,-0.5430806358987681,-7.947070275208164,-10.196595203318461,0.07757707822222784,-9.592212556442473,-3.7140092555457205,-15.524000956158169,-11.908407939984077,-3.0827789791017803
2.3254765645023605,5.269299361450524,-5.057177231231187,9.766265989331561,-2.37526819264148,-3.6970261833781657,1.2257245484697894,-6.587699513638881,4.332398986143199,1.7709374617280762,-6.39919072174796,-1.954007213601255,1.4286275238294377,1.045638314456184,-2.3931422955839445,-8.663954861669763,-6.3554078886150185,8.539445241357566,-0.3109646587364774,0.8418085691642204,4.723534373519247,7.452800619442453,-8.620953607139288,3.188159599534368,-6.72437680318324,-7.044470966278843,-10.580281634874332,-10.317077090175147,1.938440380563367,-6.515825909476895,-6.5355997456827986,-9.278863296032114,-11.766210475313391,-0.4908290810033371,0.33657639038267817,3.405325437040737,-2.5234112006494103,-1.8404604726890854,4.609003395516399,6.978761446297242,-16.481332990192165,1.6532823191904544,-3.0842956079169106
9.305192784360527,0.02076587884278025,6.018122711346772,8.724007344077796,4.9471609259992135,1.5049140013640963,-5.648802836125833,-4.4198132443589015,4.81103997615111,-3.5659258529510653,1.9457984634279166,-6.580965958747173,-5.742339695276678,-9.267548453270642,3.100942127883268,-11.797253616107207,4.9616770774044445,6.84599250907506,4.149968798544499,3.567032853137608,4.5912725951468785,1.36962625125673,0.3698812354914407,-6.6591067255090195,-6.418087591046902,-7.25768407166172,-10.020427983753702,-9.387612663075625,4.546361502886574,-6.257737786369427,1.7488299988755593,-6.793504328720603,-3.819280869074962,5.073286609351792,-2.9282554410393393,8.19878931666843,-7.541779295466922,-4.205183345206468,-8.35552402077052,4.748890409750542,-7.621778964291415,0.282105367478211,-16.232850155728435
-2.9166094056830425,-4.704857501556543,6.368862347657466,0.7492739081050703,2.216687258805706,-3.412992643338039,11.415545401522278,-7.308607581445402,5.539763893313894,-2.473197480564219,-8.987022990380176,-7.437456763751224,-4.451448821716957,-0.9592265403636508,-6.4480201463940165,4.898471048062801,-9.8399513598827,8.738502655069277,-1.38982406107313,-5.271071620894983,-8.798891844155042,5.173662449023771,-8.653231836743988,6.683313672853826,-3.0138536559330915,1.4379059802180938,2.0066155678511395,-6.559483701680744,-1.867906519822665,-8.389969884844646,-0.471219159136695,-5.636751137112359,-3.9438489361756153,4.491294294644538,-6.389905618260432,-12.83101514661871,1.628786211032868,-12.247325876712189,2.6589921138451165,2.3213468701636857,-0.26491508788313034,-10.145502701064348,-11.289653780862164
9.346624704362622,-0.5221308674819536,6.915793070040378,9.264774449675885,-3.1221588220444296,-6.997587301086328,7.076844885227473,9.563080931602142,-8.30803924880269,6.274213064368531,5.831278950075128,7.413928791287822,2.787422235184755,6.411328396073478,4.670399279134384,-3.0255720935234343,-9.54938269082122,-12.480540802083018,8.597211740772453,4.19259652685429,5.119182420881911,0.3283936438028182,2.5574472537995874,-2.735148409851516,-7.679320480521669,0.08424656784884765,-1.4441642968863535,-6.859366858932191,-9.357445784245826,-9.741321649970748,-7.624645356796396,0.6039713703316911,6.658228401125257,-6.582789714326199,6.848322738584644,-7.659502986199441,0.949645689395155,-6.419987346300349,-5.9615282538464935,1.860796606175235,7.170092434756237,-8.294517506925644,-11.685038327555237
3.4668016689886247,-5.741023859434035,2.5100314907971093,4.0062945949644355,-1.3051548871730851,11.7277622568815,-4.8526632333656465,9.681929366069387,0.8870500665955514,-7.019952724934054,-0.952687016723099,-2.2259265466674294,-4.438373342509005,3.20947881637373,2.608983850390791,7.716949297022133,3.030933812992763,-4.7797853994077375,-7.840420114269469,5.548885152438216,-9.394513804215292,-10.842866130168161,-4.66918593157329,-7.182767218636744,3.933378634917806,6.7121694556899385,6.788123660508195,0.5872069267267415,7.871903578925062,4.993934775645661,-0.02309445033637214,1.5041516208212125,-0.1730989303125674,-10.54741854821042,-0.14797203377789847,-8.95234931487345,0.5798635696345937,5.295352525934991,1.89109746940506,-1.1642168397441663,-1.6501303887008367,-3.6997210026933818,-18.297138698114246
9.641036030794327,-4.702036410843107,10.650982949758408,-1.2647899626086574,-4.90932137749234,7.1703000578332805,3.3515777044262927,-3.9153380249415233,6.983923914725351,-9.117786462527251,-5.393954072492179,-4.250796812441054,-1.5954159529546872,-4.600108566148404,-7.787033421024714,-8.191150056623322,-7.138861680055736,-11.406102214229891,5.394820675908192,0.47949609215984923,-12.656382971365916,5.911181013453396,2.1672991837957842,-2.5284012221737333,-3.4945069061212415,-7.548787051283405,-6.2783128871735165,-4.09036270719621,2.1124702870521155,0.4941469040566202,-11.478050130480394,5.088412650059189,-11.097770112239427,-9.902647348387696,-6.424417810045659,-2.2847820746323273,4.712788822142636,-4.6794469395070815,-12.824953994029734,-11.175620584038576,-2.7837941345419406,-9.126031468362827,0.019161381517220022
6.827748744744027,-0.6738470790185294,1.9047448719526892,11.494706247063508,-6.162210411109052,5.933919850150647,8.675997873150472,-6.484215492145515,-5.828148958495818,-6.226527234070884,-2.455119354153298,-3.2548855477612797,7.1694973661858565,-2.796945467829775,6.972808190533666,-2.5408572039491295,-3.0327053049840234,-4.3858465760983,-8.738390826770738,-5.410030939534773,-1.423368762362876,1.4962092135393854,9.380505184468653,-2.2974276691608875,0.12778113869557003,-4.5655067566096985,0.35485754964050953,5.052489201039513,-6.0888861309898115,3.9481220410794275,6.781592309989678,3.8038460160762386,0.8795809152714957,0.5005716046187203,1.1127375671587294,-7.866271307909896,-10.685092063538995,4.3178944689223835,-11.779869297072679,6.759451841860627,-8.69380469267924,-10.972339097801294,-1.809484310536913
