public/new-wind-global3.json
{"header": { "discipline": 0, "disciplineName": "Meteorological products", "gribEdition": 2, "gribLength": 76420, "center": 5, "centerName": "US National Weather Service - NCEP(WMC)", "subcenter": 0, "refTime": "2016-04-30T06:00:00.000Z", "significanceOfRT": 1, "significanceOfRTName": "Start of forecast", "productStatus": 0, "productStatusName": "Operational products", "productType": 1, "productTypeName": "Forecast products", "productDefinitionTemplate": 0, "productDefinitionTemplateName": "Analysis/forecast at horizontal level/layer at a point in time", "parameterCategory": 2, "parameterCategoryName": "Momentum", "parameterNumber": 2, "parameterNumberName": "U-component_of_wind", "parameterUnit": "m.s-1", "genProcessType": 2, "genProcessTypeName": "Forecast", "forecastTime": 0, "surface1Type": 103, "surface1TypeName": "Specified height level above ground", "surface1Value": 10.0, "surface2Type": 255, "surface2TypeName": "Missing", "surface2Value": 0.0, "gridDefinitionTemplate": 0, "gridDefinitionTemplateName": "Latitude_Longitude", "numberPoints": 65160, "shape": 6, "shapeName": "Earth spherical with radius of 6,371,229.0 m", "gridUnits": "degrees", "resolution": 48, "winds": "true", "scanMode": 0, "nx": 360, "ny": 181, "basicAngle": 0, "subDivisions": 0, "lo1": 0.0, "la1": 90.0, "lo2": 359.0, "la2": -90.0, "dx": 5.0, "dy": 5.0 }, "data":
[rows 0 to 18 of 181, columns 258 to 300 of 360]
1.442045396063747,-3.6111986473644277,6.492966511636665,-0.227780491983952,7.181507715232301,-6.51392574908827,-1.7776510078143106,-0.8901056536175966,-4.920040386497498,-3.672068544692954,-5.969361482484605,-3.22753220492704,-4.929860798455402,5.694588118971538,5.940699582161029,-7.99845548824158,0.3116655941985125,0.6053893353394584,-1.389975468335832,9.30684236189584,-6.319930072905398,6.085169401181618,0.6643422938459844,1.2673071495229644,-3.0711634904703655,-5.120122691412863,-1.3860996525277987,7.647191539944545,10.922037566741503,12.359703437890456,5.756933425036466,8.813601884221516,11.417585692779216,11.163596514480526,-0.14323684576979945,3.4451848382476613,10.605356596456954,11.315440141488398,-0.9596103695215619,8.943046126168449,4.892745215096323,-6.581748947612274,2.872862505848981
4.6518444378934305,-1.906683063409176,-6.496065922702108,0.34336248638168887,7.302851587788468,-1.6646451035289953,4.891297141923271,-4.370986943423973,2.4139803199517305,-2.312667850487771,10.917311862742645,8.687102176532113,-5.461983413237519,-2.684582479736018,2.505422259122908,-1.515630124076885,12.034814639990701,-3.196319330365369,2.51827425421662,-2.780772926603011,8.440422743954272,2.5870217715283097,10.407742292916675,-6.257782657016218,5.0836364556025835,-7.039369190343033,-1.1711851041915256,0.09754848149045037,11.983406158305034,-7.0262664101683905,6.348129488252008,-3.7244131840874775,0.9249886209766833,8.56294449834041,9.922223136018737,0.5076312395321105,10.184271830516716,-4.538171650150819,12.998197790004713,-6.42003631408879,-4.313639718157633,5.9265909643162225,-0.3231212528770806
3.0519798287070135,6.7925041260169605,10.734975958852711,2.2955471936504503,-5.249149729022784,-2.394712377290306,5.2647683977243425,-4.199725813782746,4.041340069657732,-0.5016607758365179,-7.256207310495684,-0.5749940041213395,3.382763088887031,8.50655839994856,-5.285026706584032,9.017758084743628,-7.347638367022396,5.062041766420638,-1.3595720518126413,11.911574763674844,-4.1308445195937455,1.9332091198506074,-6.897998964125463,9.869697266698811,4.218367934684272,-2.0323610387813473,-0.9814441042344333,-5.287771142588922,9.887791275058644,-5.535412989295478,-6.498059245852909,4.224177579082697,-5.788711494375788,9.09147369764166,3.5549938583455356,11.109643372132556,11.441509012393066,-4.135762248831565,-3.27154642257987,11.08832147875789,6.097829238867078,-3.146293160872097,0.5758431273054949
9.31164100232238,4.275130865045799,9.226337057168156,-5.746953742463493,-1.2369342161261159,12.02565507724921,7.156671554081864,9.16213665010838,5.011318176606727,1.7467385832116724,-0.5482739247641639,1.0222335270275815,12.486407389682299,8.629615477130987,-2.1166816905331904,8.946952509317954,9.082159500432285,0.2148330796542064,5.22261852881979,1.471094598635176,8.991440527699258,10.997068578102505,6.938061323831569,11.050165016135773,10.451219765218767,-5.480484218507689,10.674129676426041,0.27147326678251615,6.610266215870178,3.4028169744052787,2.187889603421377,-5.962721521381797,6.767348361814349,-3.4612969391387987,-1.0779640066721843,2.233532135228189,-9.345177965326405,7.576997640814841,4.235165935332636,-0.2693022635771899,3.111281458692429,-9.275291981719214,7.346481353708229
-6.058328426420707,10.431938279425863,-0.44831736129257527,1.4554531234766976,-3.5892315545495053,-2.325928479652272,0.16616066860692413,-3.9564398749093486,9.28403014417865,-5.407406520383356,-2.7432376986423455,-1.9059329865510928,1.2496361165794192,11.73824636039691,-4.3594251418760805,-2.911874054574218,6.379712090606022,-3.8418615431372465,4.033779762597152,-2.870478585218472,6.096888008134897,-6.500449155205004,-8.584771854641883,-4.224871131197646,6.257708593339834,9.384890006334308,8.653226558966091,9.533470990746396,5.575469966328824,-1.0473779150061935,1.3289686209878788,-0.06986787389172774,1.9619407913088265,-0.9203854420359646,-7.417844714052276,1.3144853069242992,6.925597921245712,3.4992519127263764,8.644475279711234,7.217415942208183,0.4100880697916517,1.9328728534336779,-6.296248603216849
8.21894801399171,-0.32744798114118057,-1.7027901028149492,-5.445465325511179,12.03723351639763,2.015437152754892,5.763329940282551,7.350156459750592,1.9267021857873585,11.093399049708498,10.473529138743837,-3.5996561013180948,-5.256585690369664,6.000367402238598,6.167014459352349,7.544281603832438,2.9605108744650708,-0.5905944954675082,8.463247055614552,-9.168634263915084,5.902254984222234,-7.494548724563417,10.136833188821964,-2.4993846969072875,-6.260794267239954,-8.441838268418113,4.181033676089202,8.14249362208223,-6.071200683817954,-7.697212984349684,-4.143847898643506,-4.150657118203482,4.338852637465573,-8.862946356096204,-5.729571267107799,6.225719922931058,-1.574277110740572,-1.1687529645515937,1.5465754799552183,5.848949863103531,-0.8113992237775662,1.7086871399846875,-2.5451469536364293
-2.8590713907591585,-4.2329014326707,-4.799048086964891,1.368736504050362,-8.214634652933285,-1.7176496149528953,7.168243278754469,0.44696639698330487,7.905270612764772,-0.01921985650135921,9.791945188827974,9.983700471782171,-8.407611582618145,-8.282711832493224,2.245159614647781,-8.77544723595547,9.5925898977552,3.848121906546879,5.906017035684257,-9.630312021802032,-0.6253290384012473,-4.75808538831338,-3.6726518042226433,-3.9508295931941766,9.078322279678572,-7.487752570607527,-9.061406778595684,-5.554791993930419,5.381290855697162,4.852671089917835,-4.608519076866181,0.9307053166962218,6.410404411160853,9.331053789020444,11.205225355677177,-3.0511191305465175,2.220746322259698,-5.0513184220246385,6.284916913238298,-4.305595201384448,1.8107052574936686,-9.711156267379417,4.927493994868283
5.116784635895236,-4.947510796488214,2.190537331778501,8.780148286324827,-7.383264460448005,6.088481993946791,-8.022757457453388,-2.064142565284797,7.632597638820733,-1.7769422631555085,1.4368551770073275,8.167408626387891,-2.4789190902038793,-3.2800417337225474,1.3926466629381642,-8.593948663683886,4.169455362388719,-3.7622928972311938,-5.806102146258501,1.085496916310944,5.348806729972109,-7.107533513861474,-2.359058666375187,-0.7458441108254754,-3.2856433524615007,-6.1676670603815,7.387210682954101,-0.10030327213898914,-6.235392012066358,-8.63749382010328,1.8534141062342737,11.080574444820872,10.447513784652072,-5.7931589514910105,3.1326317070801757,1.6531954192598928,12.480762168837146,0.4720292064839855,7.679261804195258,14.88514543766447,3.4816296527206534,8.925888837509255,10.717830465434226
7.581678265105287,-5.262350400364789,5.349127122061077,6.038053402845681,5.649003599602494,-2.1983484712097168,-0.3089959001472124,-5.617293800651546,4.877668610265415,3.118750765627083,-6.888155787932641,-10.754547351316308,-0.5050222881774706,-1.584424510562668,3.1717903510447716,7.599283400294018,-6.799198782432,5.518558966767191,-3.0348984654005515,-2.8525444233751616,3.7582073733312296,10.980495755409885,2.314285109354733,-2.1012729528914447,7.0340544451903,-4.917029012140421,-7.045628509380608,-7.432084465967954,5.556558796519983,-3.797382405643397,-8.427369142959346,5.268153171087776,3.1055003193507575,3.1835000650234133,-2.8651611375957784,-2.296044937251437,-1.894807787011412,-3.9550303182695754,-6.64043942194643,-8.013203013975595,7.726052488125533,-11.140482031665744,-0.46175563974321665
3.6806622796453796,-4.648525191099979,-6.562144869934107,10.39222547147101,3.26810275921877,-7.084372444430206,-6.922119494329787,-3.927053102624674,-1.8122171038182184,8.874996146030396,2.4243774717356636,13.796330406768824,11.300531907087056,3.9625327979064453,2.6697312357388743,-4.5187068858964325,9.270948018493357,1.1952687634441732,-3.8260386366720205,1.8422123177405931,-8.494389070349674,-3.147682562497723,-5.592611967176357,5.327321131072443,6.49838066870953,-5.822835186793299,-5.805520632609266,-1.0373229780357254,-12.352880764898357,-3.2833107040496823,7.986162496952286,-3.3379351300518345,9.155934085014714,8.842692144625929,8.243240870040967,-0.017023608220042785,4.909135865286101,-14.177826335423259,-8.439025694815257,-9.81586796366637,-3.545618936547455,-8.49090006426473,-11.358540052562557
5.289227464931088,0.11504961354562937,3.275157279124443,4.504378356944047,6.545376034852179,4.231601177011436,-2.6962104102497095,-7.713865647250514,0.9244059720188886,-5.107721756581153,-10.183447001059742,1.1719393819931785,10.071392927939833,10.403994717647379,5.432982367245403,0.43127002721968744,-7.022009573336911,-5.587972786666923,6.422203811387372,11.721551810358788,-2.641869890912507,3.8152383978191517,7.047477837174698,0.28087906318461586,-11.159171025373428,0.019900310961070478,-1.3066356188147767,8.113871244958085,-6.849193384963308,-2.9783696032126477,-9.998093812282892,-8.08159432667285,-3.11942557703542,-13.806999144285403,-10.192273413732659,0.07505515562545062,4.889981542306266,-6.040918009225727,3.501384253450637,-10.019000368850108,-5.508724103221865,-3.615495008009182,-7.642345917823243
-3.26561928962655,12.954813287059581,2.233786923078341,-4.801217396208273,5.597505669250285,7.375355362527792,-2.8370035458101013,9.80042307035372,3.8055316756985387,8.836369041764545,0.04070421454317219,-6.52920802101396,-7.289035819933325,6.4741626540559905,0.5983875877756653,-0.12486634685439302,-0.7408331320997057,-6.946388181500957,-1.786264086904554,-0.03786572272470501,-5.0548349651557665,-8.11765325373919,-5.128070724037821,-0.04172265836293354,-2.1417795736756617,10.003765596817477,-8.88368226150454,-7.247023320884258,7.558552450638267,-8.461265848966935,-3.1342354624166804,-9.050668571409302,-11.006429914768816,-4.721507809839396,-10.701570961282494,-8.864849955077826,1.8591787534510562,7.600672005774228,-6.838269174840138,-2.713856131422171,-8.329004889917858,-2.445578774486199,2.283446885261412
1.475192782043795,-4.139548402054498,6.887413850825547,10.728911969418933,9.730018192525066,11.030507897328308,12.771222185210384,7.776305310152983,12.89897100088941,-4.716738457624215,10.072355016399616,8.28236088253132,5.086276303211251,0.3711295629197473,-3.5992226158919745,7.3905545510595,9.387581686321042,-2.761603132775022,10.142467727638717,-1.7296681484603407,-6.145043321407659,-1.702036877751987,-5.776889449123036,8.382850459017805,7.830107973620254,4.693536693918413,0.7645311670072319,-3.1289815327425092,-1.1186012937564156,-7.400979789652091,-1.664355603591523,-9.657945074315787,-0.26296119880328517,4.2777762303819795,3.0138151625922576,-4.09070736059369,-11.749303123266134,-1.120980159167384,8.181918227016707,0.4117554194903963,-10.991779788550694,-11.042501514626359,4.951041929227906
2.569029107068406,5.248440811526443,-5.041396804328738,5.508930688549071,7.530939441114107,-3.820696270432887,7.500100612440918,9.589576394191806,1.837320651168615,9.118271642841624,0.017020567600832592,13.052003728235881,1.2135100125535576,-6.018037131420334,-2.798881986661401,5.482926105900205,-4.404012241147025,2.1163340798036034,2.915417406562047,2.9454382411167743,-5.562009738093204,1.014732493031016,12.993667677237184,-3.7237163628863437,7.691558156389482,8.732754028317725,15.489403599119981,-4.594851324634236,-4.209514212304294,-4.288696186453405,10.453839890370388,-8.763459117969695,0.41290710885871196,-0.08050005463893806,7.491736253762728,-1.4741243141372526,3.6358710534903627,0.48155549482674775,-9.396652851194945,-10.545580864837024,-12.1251828279444,-0.6737652531912488,0.39412052089096594
6.150118677659831,-4.290845893260321,3.098634041392629,0.3809014982259953,9.083947230743851,6.873569771034155,2.217475509649299,-1.1233712743424107,-0.7378273588368591,12.471206799996253,9.304679639664682,5.529983697842889,-0.2667948821398616,12.20626647763931,3.761337826105162,9.252162401165512,3.3816555834432824,3.1733393301757493,15.672451238478121,17.102068264505576,12.81056508443977,13.152402863180912,8.810616982002065,15.264710141487814,1.0531815345260949,3.8353716340519783,6.609387404598314,6.650266038955706,15.374144572945465,16.03547878700135,10.606232670233702,13.968367482786658,13.527721292566874,3.755948608559277,14.365674600502246,8.596370648417626,-3.120201444835903,5.808753220897418,-6.473410603380475,6.3823089186997874,6.6067912517147205,2.960615046263601,-7.907705025174981
-5.078828801911307,9.920528410760518,11.908082080949647,12.391712086757188,0.8339323538500016,-0.03442826113624431,0.548583447458598,6.242123805646234,7.706222215297463,-2.131449758027073,5.5399288262790005,-3.0406306881108214,9.649772859528474,-5.213695206574093,10.912912494967753,5.490831279245887,9.081949351015561,11.694255072188614,3.9138062894802492,1.5511403531751302,-8.180252677059357,-5.947664791115974,-1.342962156965969,9.687828936656116,7.439651857435142,5.2806663996867265,10.49905233892358,9.650881468071809,0.7037330988605168,5.3371352427454495,-3.489227664018159,-0.5894842604578523,11.938091018660424,2.3198828914447134,8.983089411073749,5.403701589471148,-2.5130723031240016,-0.9293583997811101,4.76971635602182,6.422472187436668,1.9806986440695429,1.848037536998472,13.19626398663635
-8.857391154560462,-0.4120309442258627,-5.341849963321472,11.636584861599282,-3.5211312782013113,5.880738044789272,7.294880401328845,-2.3759987435934793,6.197460834788352,-3.9510403083301755,-2.7081526267239875,-0.9142825512749839,14.076797817276065,-2.5943329336539573,7.812251061509847,15.222535202935674,-0.37694833158443686,7.936933248601898,10.567137023704882,11.807902598284072,11.357732146825027,18.554028052932075,13.30169878351265,8.58858747344247,16.440783590722237,15.362441830595907,14.384262210095205,16.616475479672825,15.349876261926054,12.68369423621862,6.94612845192349,13.281447164747046,2.791276105561759,-4.302542419295779,4.072911474624753,6.221958812782251,-0.14208433405739918,-4.387009686373719,5.564851047832298,4.685550394149134,-3.054991532328044,2.3144204623557716,11.472460365105963
6.198390096001716,1.6841733513191088,-2.0161718587831254,6.004362205316022,-2.3227464261883446,-10.06507277276939,0.20496998703404767,2.6489198871357234,-2.149559424466255,6.614820226332029,11.755811355331232,3.8075299705098438,-7.07626921999451,6.822364085856814,6.4309561643339,6.301209423282297,6.877406711993906,-2.197791403987825,-0.1348369254087709,-2.666352363673294,-0.9814213435483339,11.993962920814292,9.679472234146015,-1.227803635524382,0.8373654987585581,-7.420020798324039,-5.910144787156143,-4.1216023579262675,-2.366536667761302,8.667214475234665,-1.8996294822890807,-0.49959301892636665,13.31562078968385,-4.398977890405182,6.921840088477558,-5.48291119347718,4.083030356078852,12.410174303150985,-5.171052164454432,-3.348206262861803,8.568122300321662,7.8034206625285325,10.419340103585709
-3.1857721334086433,-1.4799137795896797,5.449374765701402,-4.260187268130222,0.7764155366329719,4.3712886628089604,1.466461825867706,-8.584356309797723,-1.9187761477323741,5.017872048248919,4.152339769745174,9.728553054662694,-8.49462121280495,-0.7702941952158904,10.987597722863683,1.3943892161589972,6.781775345895458,8.363114703240512,7.78952694449754,-4.98839451882265,9.414824333156696,12.019138659599527,-0.7007172860551707,-4.333076983312293,-2.013885356107308,-2.135064261300849,-6.464390594842355,-8.309380083010483,4.289555540512336,-11.61455449594301,0.29346824893076917,-4.45315414555343,-1.5693706853216756,0.7250378961591872,-0.43822615387915187,-4.427571750690921,-4.875888849821922,11.132410103221073,12.376200717545911,2.138908268476402,8.131754448037915,-5.088827926899784,-5.138213455465051
