public/new-wind-global3.json
{"header": { "discipline": 0, "disciplineName": "Meteorological products", "gribEdition": 2, "gribLength": 76936, "center": 7, "centerName": "US National Weather Service - NCEP(WMC)", "subcenter": 0, "refTime": "2016-04-30T06:00:00.000Z", "significanceOfRT": 1, "significanceOfRTName": "Start of forecast", "productStatus": 0, "productStatusName": "Operational products", "productType": 1, "productTypeName": "Forecast products", "productDefinitionTemplate": 0, "productDefinitionTemplateName": "Analysis/forecast at horizontal level/layer at a point in time", "parameterCategory": 2, "parameterCategoryName": "Momentum", "parameterNumber": 3, "parameterNumberName": "V-component_of_wind", "parameterUnit": "m.s-1", "genProcessType": 2, "genProcessTypeName": "Forecast", "forecastTime": 0, "surface1Type": 103, "surface1TypeName": "Specified height level above ground", "surface1Value": 10.0, "surface2Type": 255, "surface2TypeName": "Missing", "surface2Value": 0.0, "gridDefinitionTemplate": 0, "gridDefinitionTemplateName": "Latitude_Longitude", "numberPoints": 65160, "shape": 6, "shapeName": "Earth spherical with radius of 6,371,229.0 m", "gridUnits": "degrees", "resolution": 48, "winds": "true", "scanMode": 0, "nx": 360, "ny": 181, "basicAngle": 0, "subDivisions": 0, "lo1": 0.0, "la1": 90.0, "lo2": 359.0, "la2": -90.0, "dx": 1.0, "dy": 1.0 }, "data":
[rows 114 to 132 of 181, columns 258 to 300 of 360]
4.047592565732559,-12.502176964625086,-1.725819314108394,-6.942723509601217,-4.995437760535536,0.2870429844554554,6.053167486092406,-11.071238342307623,2.9619363324490573,-9.405722365638745,1.6832847410144336,2.2605103808680886,6.382738171730718,5.211700578158592,-2.4176119636126914,-6.424580116354908,4.47245322708458,2.8151431647558067,11.823519098219002,2.3078263468110816,8.076971064983798,12.476529401481004,11.289922696102021,2.8496665942554795,-2.5281284681886467,5.690751361870958,0.9383352582340745,12.685812393971906,13.614669040605978,-0.5775467235775231,5.995079259982231,-1.1862582076970605,3.8971474107406054,-6.8853585668245785,1.6308423528095166,7.193821531274,7.572773362312926,3.6802663471897636,7.649874273511674,2.693989551341921,-3.0348412193272263,3.144882910850847,12.155779959961016
-4.918475795753941,-3.429192498341459,7.143803725997978,-3.2375011859291405,-5.85864683735834,-2.06619592012436,1.081035387321852,-10.69693277093907,-0.2257392751314704,0.5061743164815726,-10.28563385661362,-7.620135382538086,6.950882085620194,-2.187715487531058,9.362171753249191,5.026671597707904,-8.199114846943608,-3.5490031978734278,10.744382222655785,-2.447578303046063,8.161524116103404,2.4333897430588287,2.9582933714414645,4.540411081724409,6.934968830029955,9.688285676092665,-3.425757262450314,6.501786885070256,-1.7125787867969215,4.518770206102345,-3.5469057259018326,5.410188652508806,1.3897593483061834,-2.6268999004312974,9.80783282879371,-10.692758899138093,5.188941186977633,10.54651445381194,0.17476913938904381,-0.3725718807419287,-6.840749616054744,-1.2028902277918792,11.32186879789835
8.103402602521927,6.024323304381551,-8.421876390308544,-5.141477395534585,4.153162988932225,8.722436039204148,-2.1594707318947286,4.592408424843519,6.793501831158956,5.711746391286827,-9.256302299859746,-8.249281073806518,1.4407042691447423,-2.2466454270032234,-1.9651347594067183,2.2739305092203437,-8.820309928341281,-1.0437593028608807,7.9527170230707185,7.662391059708523,5.7275219437874405,5.675736905433235,12.057214523840294,5.61959582595236,-0.16369852496450044,2.6500713258922275,8.794840158987544,15.222020762203892,-1.0179469466236775,4.714139431990818,3.91462737497263,11.759013922265131,5.920181667610644,-2.3641972660906045,-1.2440464576114825,-4.947819820095929,0.3043609768462362,-3.745443846053293,6.857842278794175,8.15533140147305,0.6345146489711617,8.945595208396506,11.806918957305792
-2.2648111286504276,-1.5137558621382352,4.933476829137069,8.097924893642144,-6.394834395887444,-4.960422669733019,7.367128079849811,-0.07910555590554014,6.866176466231336,2.7407301987354282,1.2921391813138845,-6.705089750096791,-0.9766680318065948,1.0899279414675105,-0.6042363297547753,-3.9588157039138254,-6.11177863530671,-4.170704632184689,6.984922522572445,-1.8417627824934657,4.447666224667644,-5.770915383304647,7.551335450944023,-4.06371912268159,-3.0794895218334064,-3.008576565535991,3.840920731089901,5.368794473816437,-1.6265661556752917,-0.49364775300522723,4.911336376967371,6.32456228119244,7.964571170867892,-9.959968303949266,6.668016577268167,-8.04071927843072,2.7773699131857725,-6.3030310922378625,-4.154372280977671,-5.848231086532022,0.15655132463682442,-5.795361606461222,-4.664730272506093
0.869819224868842,4.65560788122841,8.190704236399053,-5.891468469079803,3.2113739029873445,5.1889325099136085,8.209258792482583,5.68087041104917,-11.215293920920882,9.819455420588108,-3.212748555911241,-6.265753468908103,0.5683284715323333,-3.1308523828607306,6.897911826286492,-3.1970090546345373,-9.986226688060047,-9.673411321468198,2.067640396646323,9.51275686093343,-0.5822909495171438,-2.00555354655197,-6.894915017468965,-6.079833878509043,-3.4707197217554104,2.3425333665887065,0.1526329209031667,14.31662556552848,1.4509379966849956,-1.5910818420258348,10.85757670761151,-7.3209265210781025,-1.7813287822477761,-7.246636054833257,-3.67946612912481,6.230789974898061,-10.32025068211676,-0.48608552345435885,-1.6061443027659883,-1.5926710527612247,-7.290930886184636,-1.188338391128084,-0.5633111123174119
-7.177568698784725,-10.022060654445282,6.182183432828689,-2.3013426077964914,-7.5240425992553535,-1.1815329781625594,-4.276859047939804,6.415145397168166,8.15160375422705,-5.92341483761405,-6.289360637091185,-3.8300411889592603,-11.614442382106553,-8.76399064556178,-4.21303469995056,2.3880155840583295,-3.4722730049652792,-4.4446747448929065,6.645993826815898,-7.8197838826291655,3.971602009793721,8.208797211387589,4.157136887302859,1.3141783364232746,-2.5323217141126477,9.167746274808643,0.23942732644091258,11.387264255829209,12.62930499803266,10.53072469313928,4.808399918909444,-2.5684243981143013,2.3990849459200807,-9.584658353526473,2.417499707696932,7.427625782136829,-2.787346802029696,-5.136219932546889,9.034775536854543,2.806888663707616,-4.8808243088349785,2.980062137292888,0.08471928526551498
2.176183519253352,5.448675225948589,-6.185172031715165,-5.485237575708511,-0.38593334362368337,-9.28298978902015,-1.3376177790645405,-8.507933994374874,2.9432574741461135,-0.23438667798329238,0.9473106150194841,-2.6237931892519755,-7.096744290069924,-1.22145774761578,-13.508838081375853,-1.632512712098248,4.810183437845232,5.044371986177733,-0.5941026120965063,-3.199821348615302,6.417795697609264,4.425843445911985,0.5332013406789587,5.9809374910979916,11.536755780722084,-0.5199983798369114,-1.31971426638313,4.119921588728929,0.003026750430066727,11.33483210185826,0.024430928015819475,1.7183471634644722,1.9985613564390183,2.035845430699476,-2.365539337303778,8.77452674396672,0.17403482856487162,-0.9568443834488942,4.286562981181901,1.1782276068360655,10.581148127936032,-6.196843244004699,6.021206047659908
4.041062544453405,4.877628374812513,2.602648554190038,-5.494460678979889,0.625777676976021,3.016350208293665,-5.217858762635876,-8.283066861149655,-5.686598407551488,-7.750979446116989,-7.459228083810086,-1.6974296566080813,-8.630775552164465,-12.625822744840036,-0.04524714112735495,-0.09848149163256448,-2.718596615250245,0.5356391474589799,3.940801763931232,2.6574571252346213,-9.11125349380261,0.5562384709854085,-8.472096673016793,-4.2900248128572525,3.221156450411704,-0.9997461642884726,2.9189275961110397,14.888256125542796,6.559334530643168,6.688830886382181,10.53383570572806,-4.206501366905465,-8.15059065213354,-9.013306249600644,-5.781367755615015,2.926342326920057,-3.6041386073194728,-4.630363327920658,-5.265069238577798,1.1605468940540589,-6.8385130466088535,12.038592168260353,-3.7517785683278793
-2.22203553228439,-3.1399220337229963,-6.374186527058307,-8.990596530743412,-2.693712794708458,1.056375635236281,3.271807167599713,-11.58026383895873,-6.112275511356152,7.012091786372229,-7.7086583057335085,5.941182606667057,-6.419866964424595,2.7330252027750133,-1.2892124825751434,-5.045513901966857,-5.602473113934775,1.3997806130566728,-3.4606228097634286,-2.0572137585517853,-9.635958482346362,-6.753380726999514,-4.436460026881004,6.590151386585209,-3.4675747185743315,0.7454438302236626,-3.243649052978774,14.540299062508325,-1.6713262194210596,12.083383535759248,8.556245998390054,-4.706987231667859,-3.2586220529780316,-4.368969244400516,1.5343040381070008,0.8289180914651879,-2.545138872003625,-0.1441235104222685,-1.3940827482090192,-0.7512239404920213,-0.12693390187192577,-4.147843690740417,3.3691107127006252
8.92998353398178,-0.42271025384602123,-1.611265346024932,-9.558274200480138,3.9413776587607825,-0.7832446173798835,-4.000743491293649,1.3170414553361747,5.81732162704019,4.374603810847713,1.2339219239709784,-3.742659383658001,-0.09525236497872025,-14.009925877880367,-15.260433825026782,-15.624534817882278,-6.269206385435451,-14.593235744387293,-7.051614258140694,-8.759918907243764,-6.074846355084789,6.091499496767845,-11.013141204241261,6.996150802481881,-8.048302513110237,11.616928236692635,0.7165352117565216,9.05030898825412,6.425331420262042,11.227699851089206,12.064578608270068,-0.06469218844444091,-8.508449169787614,8.357979050032995,1.1847999643442986,-2.7332997900251446,5.63829060083458,0.46358227387028017,-3.151418540512261,8.211423722069867,-7.167270206899697,2.4147452658308115,5.756091865315096
2.2956827077387194,2.9683051907866127,-7.4555534917434745,-5.193051894553793,-3.414599370829872,-10.8222258477019,-6.681863813317199,-3.8986430411853314,-3.5590969496515434,-13.00114820756241,3.1979079159652626,4.5834050513159,-2.4983020882714975,-8.240917687298257,-7.180848976240745,-8.713060588069101,2.0263115745158826,-0.054181116506433646,-3.8608383497407246,-3.192306322369623,-13.427037798900049,-4.456371063772345,-3.776363700290335,3.456862902977101,-0.9670868309842284,-5.217444623619857,-6.296476362331909,-2.6563774971735805,2.7976511704629097,5.333047659059275,1.0427703232822205,-3.3821730694214702,-5.728965261078397,2.236161451713354,-7.301757926734994,-4.891446000985685,-4.417290903881893,-5.249906103521051,-6.755683532805059,-2.3060874559292515,3.264877210171917,3.2037759012726115,2.072543635691023
-6.821179617627527,-7.35671753962201,-6.883067310902341,-10.375405699720178,-12.226765594876937,-7.901403814988153,2.4811257713435917,-8.839252054775066,2.650233237357223,-14.615854104409129,3.0211137910342796,2.3133722907088714,-5.3405070114960695,-4.46346943508286,-10.678261765605981,-9.404095317064582,5.933227653885655,6.722017046787306,-8.939063601485062,-8.990929568025102,-3.0612318961445197,-12.422720210983382,0.9020278608919758,-1.0111043306770995,-8.856974563518548,-6.503501524245216,2.740047499648827,-3.7692843635178597,-1.9382232422176306,15.541332266423417,8.805683307764482,10.40461156666507,3.4852044923618535,-12.404540075942503,-0.057330384479208796,-2.352689734695149,-2.8875219582010168,4.045793825566642,-6.413871375548468,-5.1889469490746585,-3.0352861548685444,8.08453655000589,-4.378371362409897
-8.455457087426305,4.78526330960262,6.547433182830728,5.07008784622227,-9.023092515469084,4.072052432178362,-6.291915249677833,-1.6280771840635384,-10.432811843939342,-15.521138191426164,-1.1168510782562775,-11.259399568176786,1.9544608061410447,-5.171896847380032,-14.332709440888062,4.24292334519793,-7.950686694734302,2.0792295234614953,4.25407040420573,4.043107019529337,2.5712069349465914,-10.953834266105343,-12.992487592554607,0.18823370134703277,-3.832749831795536,8.747293377139291,-1.0364346769328008,4.132228440954945,-3.3467510771484843,12.918815169272007,-6.814011646082344,3.25745384293296,-7.6140007708092625,-3.6740973729564312,-1.1658665522553582,3.981199475581051,-10.589883684504292,-8.63437324359441,-4.465643453286218,-8.693361066976102,1.6601122344140578,4.047691541094109,1.6988239473004145
5.862141170959709,-5.332690532167003,-1.0717056533380065,-11.579548660310035,0.4768591954504249,-6.8657668782507155,-5.872742713191917,-4.539085101065062,-6.009235508418439,-8.508226033378856,1.3733306789240558,-2.556211970320091,-13.44621118239948,-11.438537517038904,-6.1792967693060925,-6.862878915593231,-9.25766126116768,3.3802581345442535,4.029008966127568,9.316278201551565,-2.3991700296662684,-6.204895600819466,1.6793461231086746,-10.09676560829729,1.5990361203197399,9.0098117618132,-7.963057518810779,-0.003126789216977066,11.758234082376616,9.488076376168843,-3.7006897063003725,-3.525762666336634,8.330841015599646,8.479444206943754,-3.9445429788039847,-3.1880754412108994,-8.014285460007232,0.8669001319658594,-4.8122630897758425,-6.029648304106434,-6.217982028708359,-3.9794992273871364,-0.5175835710242289
8.359742551109424,-9.57813749132757,-7.287067622212109,4.361496114800007,-2.1191454837057035,-9.949607688562708,-11.674462382815843,0.12409782595934216,-11.351536627564261,-12.789997850838812,-16.29247595500732,-14.434678478881064,-10.557731887702964,-13.424550237051994,-8.402477005201426,-9.516059359390894,-11.120440497887863,-0.7410649521426507,-1.8775607933791232,0.15813031684185486,-5.193489717088027,-9.43389474597517,-6.6066873500149645,2.2889029711968356,3.567779670197596,0.3012886731224329,5.756277738792375,11.246867268467973,4.596489856000612,-0.5761192732628135,7.200764726460484,3.994974220224034,-0.8458400662222582,3.7345474584322362,1.7326806784432156,-1.155292584619096,-4.04209429790329,-9.629690002863093,0.4349135574511629,-4.945657215822752,-5.216228467399467,0.6652645349639381,3.550019488248653
-2.3542134885929116,-7.682352533329725,5.4694797185054345,-3.82757959947873,-10.759581773633013,-2.8024282272215624,-12.781220586014435,-3.946881789093939,-6.280661313150581,-17.36764891075653,-11.31202057555257,-0.06510576541985014,-2.841983112834293,-12.162037433872484,-4.421556225711922,-8.365554544156264,-10.369693719842722,-6.058621916834763,-4.273959925815452,4.642622950116836,6.427754660178796,-0.839966191620237,-7.271397744381961,-4.08923198761519,-10.977402188446895,0.6078610089544356,7.903800563683761,7.344645170810227,-1.1971418578886543,-1.0226686075825429,4.720610581212802,-9.451139722811282,-8.914526939759813,7.360122319883388,1.1315992882402122,-7.756949675331516,-11.411996537617586,-7.1159418514622015,6.1290534784425486,8.855171537642844,6.874636265006515,0.22243089845230068,-1.732026881316286
6.397297192244696,4.926858090180952,-6.036408062503378,-8.550279985277013,-6.530073041874042,-10.068668100717654,-10.107387361152652,-6.434106546453852,-15.174182453453845,0.47757869662444286,1.442194822971258,-8.946081281280643,1.1442300356290547,-16.831629051326676,-9.969030811914601,-14.954726898279365,-13.562093398356327,-9.766226258196635,0.875946236677356,0.3548610919871804,0.6066752778819016,-4.9500566739493514,-2.2159474942950186,8.797110191820904,-8.51715040669098,5.070280111825074,10.32046148432078,2.980474651295475,-5.725290074161351,-5.9722517875642325,-1.3933935442459755,11.061185517828601,2.209378438847344,-6.554419077583105,-4.815283341309142,-9.644521579208787,1.7135428349750788,0.033754245141559114,7.209711125979791,-8.562370587182244,-1.8848710402389677,-3.449648959942781,8.918154683173036
1.193321470271579,8.254366284284625,2.8746473061357594,-3.4698423596089554,2.2991525138202675,2.54261070299982,-8.751033324017385,-6.236998740715072,-7.901755755656572,-2.2153632159008607,-2.492468467432704,0.9087340976134062,1.0590631568213738,-14.40803806827503,-11.559676617606051,-11.451330364238558,-4.140400084786938,6.649263037217824,1.17817094341911,-11.106830108425168,-9.683089472568831,7.711976546929081,-5.347496337109506,3.7197289172984758,-8.9361811307402,-4.649203769403736,-6.328911822265014,4.111944443993,-8.012249545151763,3.321965190381726,8.327636688706674,-7.22824780640773,1.1833318119751302,-11.465614654607005,5.528191549093842,-5.399793388022258,-6.039192494002462,-4.279622283371754,-1.9789759799355147,-8.101354069927815,-2.4980487622050584,6.1961942942174275,11.100928664980712
-0.37740968891553206,-7.511289329561361,-1.3333908933783558,-1.8267145100299533,-15.360702265104035,-8.406485887954695,-13.864684834728772,-4.659064471275786,-5.917041245248156,-9.230837972049336,-3.5458468146135624,4.018821591733142,-2.425797709223903,-10.577955880505082,-8.482922975119456,3.484858404294325,-1.0944711943734227,6.011162127348137,0.8781208327909975,-5.707634983193957,6.382744363762676,-6.242823907906595,10.828812859483774,3.9656029193413858,-0.8827135615213613,-0.42281926874802267,-5.020610649072954,-5.877532328318529,7.322797761886386,-7.173631830285698,-9.56595331169611,-9.152050361825381,4.311148497504951,-11.06277025860415,-4.392106592136795,-2.6601949165635723,-3.774863528224559,-5.305549967260914,-12.168640231184224,-3.5737985526100067,8.173683451913242,-2.3475561495053974,6.862279289269127
