public/new-wind-global3.json
{"header": { "discipline": 0, "disciplineName": "Meteorological products", "gribEdition": 2, "gribLength": 76420, "center": 5, "centerName": "US National Weather Service - NCEP(WMC)", "subcenter": 0, "refTime": "2016-04-30T06:00:00.000Z", "significanceOfRT": 1, "significanceOfRTName": "Start of forecast", "productStatus": 0, "productStatusName": "Operational products", "productType": 1, "productTypeName": "Forecast products", "productDefinitionTemplate": 0, "productDefinitionTemplateName": "Analysis/forecast at horizontal level/layer at a point in time", "parameterCategory": 2, "parameterCategoryName": "Momentum", "parameterNumber": 2, "parameterNumberName": "U-component_of_wind", "parameterUnit": "m.s-1", "genProcessType": 2, "genProcessTypeName": "Forecast", "forecastTime": 0, "surface1Type": 103, "surface1TypeName": "Specified height level above ground", "surface1Value": 10.0, "surface2Type": 255, "surface2TypeName": "Missing", "surface2Value": 0.0, "gridDefinitionTemplate": 0, "gridDefinitionTemplateName": "Latitude_Longitude", "numberPoints": 65160, "shape": 6, "shapeName": "Earth spherical with radius of 6,371,229.0 m", "gridUnits": "degrees", "resolution": 48, "winds": "true", "scanMode": 0, "nx": 360, "ny": 181, "basicAngle": 0, "subDivisions": 0, "lo1": 0.0, "la1": 90.0, "lo2": 359.0, "la2": -90.0, "dx": 5.0, "dy": 5.0 }, "data":
[rows 152 to 170 of 181, columns 43 to 85 of 360]
13.649903103726448,3.1850468615184955,0.985166684220314,-8.297617073074065,-2.470869456328822,-4.235611689201181,-6.158081217528284,-8.445069570560998,-1.6988739124497572,-6.521447542905815,5.982710723498027,1.9421390848545501,4.81978094694989,16.53019606198809,17.134218545923552,14.719862557266865,16.00832298248247,0.38232484630702324,7.215463547966048,7.0814329185136184,17.73406090574415,8.89757730398572,16.62486808742691,4.585670035776677,7.3134521023936605,8.679322865696314,11.454882820109905,10.946345740034173,6.797148441122527,-0.5867924766929278,4.633140402498084,12.632228191058303,9.596791183358194,-8.369341223462824,2.116072715679024,-2.4878767305911316,1.2824342929641626,-4.795840334077325,-6.5502687713089935,-6.019091321584896,-6.482682094652013,-3.4283719607134553,-2.2467478537299654
1.931115484058268,-9.984229628629876,-4.809539410591777,8.324020934219961,-1.4324253080685792,-7.860952299703104,3.7328253829744553,6.039728118384497,13.68779721702466,12.98689778516719,8.545832405674972,4.833534885663777,6.583835026766813,8.342695001706712,16.17612948296176,11.784921013267402,11.071001754998868,12.306530005981365,12.954766548798412,10.361848282234785,9.233350438874265,-4.0870058724045695,12.36338424397852,-1.56710756463975,0.7334280654649246,9.987494676503209,1.6002962428264853,4.160227094734714,-1.6270856209384608,8.310225633742427,3.2792201404848296,-5.062090758314996,4.610209148714068,7.0751594939020395,12.332501901563479,1.3936531342558336,0.6948925883439785,-0.6078753341957356,4.001000103146422,7.781642058500203,5.533157519127999,-6.507432036788642,7.089739891708771
-2.474237359967066,-0.03449651094503903,12.735535432951602,3.2489378389983683,-4.920237881396466,6.1857963588939295,14.243453227928558,10.32554740729513,0.49996804544701234,1.401515844091275,18.660211827757763,2.372355267077346,11.361304110522894,0.04237446080250251,14.450917826257204,3.020966000223318,4.397957132767763,1.0763125161666576,-1.185640817847502,5.102668805684857,-0.8223279694899905,9.316912835496574,-7.966980914815091,-4.794222539761908,6.297192063691172,-3.7232449651484347,-0.09390186194266015,5.297305910729038,4.036159107273486,10.908532017015986,-2.082667734020382,0.280526251701553,-2.611730603103057,-2.771190355444782,-4.447988323791791,-2.205741250405131,0.8778260320821762,6.849171331710607,2.1915107038885364,-1.660376528333916,4.830223941169939,0.2937928033059171,-4.01001088883973
15.045358378882117,5.51858683745645,11.641915747908945,1.6852483520633026,10.017438107103077,10.52502907600728,6.366874991806366,6.335461025725513,6.443458441215272,11.810977476735307,13.030216877596848,3.689327068756578,7.211760339701756,10.838387363303784,10.24156189479735,1.7973287635286832,7.657019512540399,-5.796444619179535,0.6900870256585105,0.2844777843564765,-0.06699275993905784,8.043053478717395,-7.403437964661544,4.779282084910649,8.769469218477235,5.468369572801999,1.711731620589287,0.41812965007249847,0.8187526951517592,-0.40739367756961986,-5.9442952982459945,8.759143043136143,10.072824849017795,4.143763235684378,7.2454908428007725,9.310941589463084,-4.2576199016980105,-9.677523339798862,4.877403114570608,-3.2947161632503117,3.9633993488567802,-4.6856168212374145,-11.953823892661985
4.699407345400067,4.40805088346587,9.383458167336888,-4.924703336634967,-4.9577193316778265,-3.4398927496517744,8.41653826637326,-4.527564662061702,11.15898049435001,10.076118731843275,-6.895311167617605,-7.753013132003944,-9.902786974208125,4.601620654765341,-4.092942136708451,0.4274232995257292,1.4638977124714825,1.2755546555560808,9.99627604553956,10.560552461074828,-5.694480349538599,1.8167043058113697,1.221690193410803,2.8113189774293206,-9.13741305519214,-6.74092352715511,4.605278830175319,-11.168815181727558,1.3580956144328522,3.6156057923553986,0.4642483145052738,-2.1495399191628253,-1.8990251458473126,-5.482928570740542,-2.417200719005246,-2.619944220632066,-9.271096588107604,-17.678004029002334,-2.1827811169703413,-10.398368259596468,-16.648760747290147,-13.070114979028823,-12.971490310987173
-5.708432971756881,3.355697512431991,-2.7668414744780985,5.864284415278062,7.286248393196056,0.06521290747128905,-4.212595040875939,-2.582451441969649,-1.198870955637802,-7.210537702543582,-8.978033199758936,-0.00041713332538440007,-2.1806490834852044,3.9370213252996784,6.442366045184502,5.825197485042496,-3.956019848696199,-0.4641614463339545,-4.16204774374796,6.049637174705595,-4.1726999438864585,-10.154924221371452,7.826818257478878,5.4726171479789345,-8.706029540566643,-12.205117839893486,-0.8397624201301124,-0.25588636378965113,-12.634721402115996,2.6270912927005226,-1.9892290054798867,-6.561494243975046,-1.9794449295300733,-12.211832133558099,-13.242606912708888,-2.4904031767501227,-9.072846870681639,-2.2131213490291,-8.108058815887475,-17.033964847184883,-6.39934395160336,-13.490936774329263,-3.551869828035967
4.17998901859874,1.9727663087886458,-0.9848240728088582,-13.576229765018514,-3.770072017712554,2.2188441676035793,-12.64551854608677,0.4420311481857109,-9.54256866252189,-9.621726057626798,3.905293883709163,-6.211331991264493,1.8401739316689574,-5.952771566249085,-12.44977043163772,-5.402165561953474,-6.816841501957138,2.407515222977178,-9.417869619558466,-7.830019215415409,-10.62027862952882,-0.24708898680359148,-1.5687684550455616,-5.8688734429935945,-4.775912424768376,5.3076250558726095,2.848492163007686,-2.688093288798305,-8.926115924286373,-3.4433215527994916,-6.772788599218165,2.3616406259417797,-11.815964167819098,-16.641246873061178,-2.4833515560948562,-13.651086270965706,-11.752660305670865,-11.216973232902827,-20.626582610709637,-17.35621974960973,-4.848894348320579,-2.0549545336628015,-1.2221446345917144
0.745765728782696,-9.801111550633784,-3.591205023650005,-15.503872256527456,-13.990763542839368,-9.072723012277564,-9.771532019993284,-4.708382200733179,-4.509512101926062,-1.6786235837659866,-10.724770175169134,-3.834081755045859,2.027011264108885,-5.582572675677081,3.4107849397809273,0.7973895547847727,6.059654717085336,6.291112519150575,-5.11556885783903,-1.1115177809830397,-4.211378534950384,5.576858309175005,6.296975097260748,-2.576248189170346,6.6626536252949204,7.23467452056118,-1.2059383639581505,9.346740820201836,3.937049276721104,5.468207352727425,-4.280376681285235,-2.101951634004423,-6.663382265103666,-10.207471679813725,-1.670699377356602,-4.465583663569165,-2.2505591324521674,-15.808918020207813,-10.393040951134278,-15.745685838634733,-12.515556517399649,-1.9260879157784103,-1.3257639287249567
1.3354659263080322,2.27267246836679,-11.29356837706219,-6.675407136595813,-1.376964519053736,-3.175313732977968,4.0060962593962115,-14.31182899481856,-8.398217185471163,0.18966536498405873,2.548557139867752,-1.9979074197529538,-11.806544393482234,3.488208855267905,-11.015427427994783,2.2776069382340873,-7.8830893392425185,2.7306440285026627,-2.76406199639929,-6.705599112730277,-0.8251999954788127,4.479512069976629,2.653607540416707,12.938462025986889,8.977176799736473,-1.5183806811953264,-2.6404418046040954,7.606696280143293,2.1367036941778514,-2.008635258831773,3.4886092175167636,2.0625483951983696,2.3006705658628634,-11.134128821468453,-7.938368929113458,-9.168003827081728,-10.172404940175642,-6.036055526153117,-14.307666538417964,-12.260359279956774,-17.775460981857506,-2.162032002992442,-0.42605948802384574
-11.29989599754544,-0.816574836839699,-16.01393513010281,-7.223896631741586,-6.9387721291140325,-3.49928354150057,-0.18463093935216612,1.6600292512593464,-2.110489958146106,-14.315988980930562,-11.6561382757409,-2.0653894585775374,-12.093806358083096,-4.005998792672693,5.971470465773264,11.305829695328518,-0.10140334794787531,-4.028027447167531,4.4307402954997785,12.521543874318084,6.888031895895358,11.506950614790714,11.141816490240052,10.507116772369352,12.508445337405785,20.686634601555255,9.33803085196855,5.397100917519445,-2.128921000501812,0.5539736664061887,-1.8524952101032186,-10.38729355374451,-11.662455800393307,-10.476240323547508,-16.530581718331547,-4.583855294202497,-12.194667122108886,-3.3292001315365605,-4.9563489084442764,1.990842814671244,-0.6559100886412406,1.7603888939821672,-6.772208535266442
-9.305109830022513,-16.891287201621363,-7.258217926288223,1.9928573942452852,-0.7758035697089163,-12.26379609242883,-10.33989571474142,-4.460681842087023,1.464557088881361,-0.8579514850460472,-4.291335610110527,-2.8575584396445546,-6.90763128429583,5.638381797799964,8.7067152846984,5.602990075009411,8.792725328456996,13.463855922319288,-1.361853811938972,16.980127017633784,14.270304000185055,12.34712044126908,9.229787994857572,17.261281977831352,23.21440185890845,8.250611686083186,10.874746897979941,5.880775323721391,-8.803815466048942,-4.825957371591388,-12.426658318847647,-4.034370069343456,2.084266269506138,-11.043738021605765,-1.1660551552026615,-7.3429643814470085,-7.553622486300484,-15.602632889323498,-3.744388341060045,-2.50385648750102,-3.95753943549523,-11.359946175568671,-12.05403373685576
-10.463851358422056,-11.519175854902356,1.4962433448117478,-13.473526945957198,-7.87230735657765,1.7176251158382536,-3.1937565757985196,0.06167147750491697,-9.474471010448392,-1.3994092439886412,-1.0088477310089758,-3.478814230871599,-2.685934679650102,-0.4443130403748681,3.3029433995774484,5.573710818049074,7.499234400539139,8.152926861091549,4.063018822639491,18.89478942838862,13.158121275665371,10.271660623982765,9.620128358779418,10.825375668193796,9.375275450519615,5.905362149421309,-2.1828661802400675,2.204712132020017,-0.49971632019760914,1.3946536325536227,-6.1226547592189275,-15.49828980747554,0.9969798293220604,2.241085575749792,-6.514809629948014,-1.535789817816938,0.7451323753359693,2.508605394034614,3.2402181864958655,-11.37635037401564,-0.6097048195312418,2.5043302842313944,-4.2384802316821055
-3.919306385634676,-6.320080271356834,-7.364457071102614,-2.8318632622186826,-7.340245321468592,2.4576989137578256,7.975330682727886,-1.539938567574097,9.18935371607938,-0.8291306917375381,-1.1755856081407319,1.4632691403558913,-1.7645482858997896,-1.9516299246789286,5.409860968835934,2.7141702660276685,5.610422739469575,4.133918084921892,1.127867582590012,1.7361062028604044,4.0737819417845476,12.10332116480788,9.112146078669193,-0.09890797365507042,2.850115602057846,-14.80339355380752,-10.75073469529697,-11.687504070467627,-5.34546026299944,-7.774326573241687,-7.578592991725315,-15.215007217844624,-6.9314892082245105,-13.189797677269695,-4.742808954308061,-1.3036648898392107,2.1858557797809866,-5.096236986491984,5.740100653781595,-10.691006550622276,1.2051724800280499,-8.063803877314937,4.664445525286386
4.209451747191894,2.606228405290117,1.2876961060957413,-8.070160061794667,6.885117986760083,1.7211938207330737,-3.917712350388827,-1.1310373603620456,8.484827040255032,9.568885839445132,3.132055458148397,8.542601661943987,5.964126301430067,-3.443069433621952,-1.023385147607332,-3.232598266847673,-6.001014961663067,-0.2893853138412621,5.527722581063802,-3.482631568992467,0.8478228009918443,-6.21496446791416,-1.560155137581106,4.740167386852018,-0.21895580285242477,-5.825287637231515,-6.0761623446217845,-15.194148137069037,-0.9954844524414863,-6.22185888932349,1.8808854053734727,-2.0341495327612584,-6.28947126541747,1.378340450159068,2.47760139540292,4.888937466433237,-4.669273107642408,-10.538727399241731,-9.528379225104,0.10305062184148106,1.3354396008565543,-3.4839628867702475,-2.5604260308637903
0.18129207552050075,6.410500517413995,-0.9708839251351922,-9.281369320163607,4.538211059450707,3.338357829132055,-3.386271770772665,6.482076172786009,11.39974744767945,5.6723526916065605,11.231803835353315,0.46433026138140887,3.9781078014202795,-2.9067694299073903,7.2227155176032065,-1.2551689248856712,9.012342304729444,7.452162329495346,5.1930487755640495,-1.11681673764563,9.701464776870358,-5.992127167253731,-3.5801002287900863,-8.769952447948915,-8.642378485573106,-14.491965361669147,-3.050870818292024,0.9100401967812521,-3.3747101053313022,-6.679858618685154,-13.683357953865713,-14.700065711413787,-1.7442728976508448,1.3078453898812246,3.014230144025266,-2.7720388316763938,-7.7343447820831095,-11.784701775344953,-0.1673227796174186,1.1718407078755675,2.713032078405236,-2.6478450422304123,-3.003985271576383
-9.380093358098478,0.20437831963172223,5.768007328400825,5.270541677257642,-0.6128828458051863,-8.997523392437522,10.271719535791124,0.9836364720258897,3.7035638738406904,5.391182447490681,4.916105299958621,7.123365821685686,6.924149526329472,-4.501720717405792,-7.000500924695772,5.310603359389297,1.7817932969294565,5.650284374665459,2.1400983157326463,0.663477006599157,1.142386880272762,-5.721575612343646,3.25651205458637,-6.815192454105426,-15.221041188238996,-13.416059541572682,-8.066883972602957,-15.888215235316492,-4.409538153249639,-12.903135972665044,-8.488214681247147,-12.308535315605686,1.0957573103702583,-1.0563000990191274,-7.987244611331123,-5.055730733248691,-1.618860588724604,-11.433556744848797,-5.84522727981043,-9.141726982321913,-2.967267760887,-7.185790303072007,3.108972447836723
5.253394912513052,5.13086536177528,5.961993810500901,-7.630088442130247,5.334124438585767,2.515851805438301,1.832904709954131,-9.677363686677685,3.01947004228437,7.681367806426638,-8.944285694760815,5.289473050690241,-5.879884721667648,8.67307173845697,-3.796546606335447,-1.6785859856888639,-6.848654144184777,5.324311615536081,-8.898931191814496,4.254792904989856,-11.103280170683089,-8.149487845338976,-11.44149835978105,-6.539399142707322,2.321103447319886,-10.1279844398525,-0.8830056541794962,-8.244148926927243,-11.499699798006375,-6.932805780649908,-14.500771236286766,-14.685140185404043,-10.340069830626653,-14.971856819965609,-2.3032471488809545,-17.477773423601512,-7.086344417995111,-11.561724640246435,-13.959739405137626,-5.420611754388402,-6.031871557205987,2.0710365578404852,-5.1000447398776885
1.1774003789298557,-9.24627379945438,-10.29950698409317,6.117313937882644,-9.650220924493246,-0.3989201500329803,-2.2051772260615183,2.0880618339176333,7.716499794635457,-3.046526135363626,2.87168624254277,7.272395915124334,-9.856503016553278,-9.745391970891793,-3.0966780689500406,4.875881550816997,-6.3626586872550375,-5.985961118281706,0.06929371048883004,-0.9688356942899681,-0.10417403604174691,-12.031545736270152,-15.18155110508497,0.8455963089175489,-11.150037496816976,-0.7110459412090426,-12.722856213777764,-8.3976573142314,-10.414469763142309,-0.7768019025943955,-6.293821278935543,-14.759508366008214,0.42403531528710836,-9.633815774739492,-9.179872017659127,-6.8220975109093045,-4.835063302819009,-16.1527438506781,0.9148868363123723,-8.501532639382356,-5.419022826331584,-11.392762974173845,-4.531385881869537
-1.87093351740702,3.906308509860888,-4.691382881639217,-9.9294922074591,-10.45373711837173,7.41276051727374,-3.000915815082542,0.7505039912884364,5.98082196673753,-2.453690004319628,3.6455700836512075,-2.1379604050127266,-10.48321398949107,-8.334464778130528,-6.999910647830742,-4.798708093566184,-0.9386560533663708,4.919452901583138,-1.3246072210233892,0.10077663877259369,-11.60578698096515,-5.271036431752537,3.817281950900224,-14.29659834680982,-4.390076044669457,-7.927249908463778,-2.3382615596931604,3.0099726284843475,-13.259187104199162,-13.463972616573248,-15.582787635165094,-5.930862814406701,-3.305378433259441,0.3751015555205379,-3.344805384531049,-8.96951758213122,0.07750887722879707,3.662134881005988,-5.1297250112658785,-11.256320574410823,-5.838845950591294,-0.8876781012915469,2.8943355304881595
